0 1 4 5 16 17 20 21
1 2 5 6 17 18 21 22
2 3 6 7 18 19 22 23
4 5 8 9 20 21 24 25
5 6 9 10 21 22 25 26
6 7 10 11 22 23 26 27
8 9 12 13 24 25 28 29
9 10 13 14 25 26 29 30
10 11 14 15 26 27 30 31
16 17 20 21 32 33 36 37
17 18 21 22 33 34 37 38
18 19 22 23 34 35 38 39
20 21 24 25 36 37 40 41
21 22 25 26 37 38 41 42
22 23 26 27 38 39 42 43
24 25 28 29 40 41 44 45
25 26 29 30 41 42 45 46
26 27 30 31 42 43 46 47
32 33 36 37 48 49 52 53
33 34 37 38 49 50 53 54
34 35 38 39 50 51 54 55
36 37 40 41 52 53 56 57
37 38 41 42 53 54 57 58
38 39 42 43 54 55 58 59
40 41 44 45 56 57 60 61
41 42 45 46 57 58 61 62
42 43 46 47 58 59 62 63
