0 0 0 0
1 1 0 0
2 2 0 0
3 3 0 0
4 0 1 0
5 1 1 0
6 2 1 0
7 3 1 0
8 0 2 0
9 1 2 0
10 2 2 0
11 3 2 0
12 0 3 0
13 1 3 0
14 2 3 0
15 3 3 0
16 0 0 1
17 1 0 1
18 2 0 1
19 3 0 1
20 0 1 1
21 1 1 1
22 2 1 1
23 3 1 1
24 0 2 1
25 1 2 1
26 2 2 1
27 3 2 1
28 0 3 1
29 1 3 1
30 2 3 1
31 3 3 1
32 0 0 2
33 1 0 2
34 2 0 2
35 3 0 2
36 0 1 2
37 1 1 2
38 2 1 2
39 3 1 2
40 0 2 2
41 1 2 2
42 2 2 2
43 3 2 2
44 0 3 2
45 1 3 2
46 2 3 2
47 3 3 2
48 0 0 3
49 1 0 3
50 2 0 3
51 3 0 3
52 0 1 3
53 1 1 3
54 2 1 3
55 3 1 3
56 0 2 3
57 1 2 3
58 2 2 3
59 3 2 3
60 0 3 3
61 1 3 3
62 2 3 3
63 3 3 3
